79,58,-147
81,58,-149
85,61,-139
83,59,-141
84,65,-147
85,57,-162
83,64,-141
78,59,-146
81,55,-140
89,53,-143
85,66,-153
89,65,-145
85,57,-144
77,55,-149
83,57,-144
83,59,-153
83,59,-153
83,59,-153
84,60,-149
78,57,-137
81,58,-143
84,63,-138
96,65,-145
81,60,-145
85,57,-144
86,55,-140
89,60,-147
87,61,-141
85,61,-157
85,61,-157
78,69,-153
77,60,-140
79,53,-145
78,61,-155
84,63,-147
90,59,-146
74,55,-149
83,61,-146
81,65,-145
79,58,-145
81,63,-136
81,63,-136
84,55,-145
80,54,-139
78,64,-148
78,61,-146
74,51,-145
84,53,-136
74,55,-145
85,54,-141
92,59,-151
83,52,-146
83,52,-146
83,52,-146
80,57,-146
86,63,-143
85,64,-155
85,61,-155
83,59,-139
80,54,-153
87,47,-141
84,58,-145
83,64,-141
84,63,-152
89,55,-147
89,55,-147
89,55,-147
74,55,-145
98,58,-145
81,58,-145
84,60,-147
80,52,-146
90,57,-151
76,61,-151
80,64,-139
84,65,-147
85,61,-146
85,61,-146
85,61,-146
87,57,-144
79,63,-147
87,64,-135
85,52,-139
91,63,-138
81,67,-154
87,59,-144
85,59,-146
93,58,-145
87,59,-144
74,63,-149
74,63,-149
81,58,-152
73,57,-146
81,51,-149
81,55,-145
86,51,-147
87,57,-151
78,54,-146
89,63,-143
84,55,-140
83,64,-153
81,48,-145
81,48,-145
81,48,-145
84,55,-145
83,57,-153
80,59,-146
77,58,-143
86,53,-145
80,52,-144
79,53,-152
80,54,-146
79,58,-143
80,57,-146
80,57,-146
80,57,-146
78,47,-146
78,50,-139
73,45,-151
80,47,-148
76,47,-144
77,46,-140
83,54,-151
73,42,-148
64,40,-160
65,36,-159
57,21,-167
57,21,-167
57,21,-167
42,16,-167
41,25,-168
49,21,-157
40,11,-169
34,3,-163
28,0,-167
23,4,-164
13,-5,-172
-1,-3,-168
-1,-13,-170
-1,-13,-170
-1,-13,-170
-29,-25,-175
-26,-26,-169
-30,-21,-180
-34,-17,-181
-41,-29,-191
-49,-30,-185
-59,-35,-173
-61,-38,-178
-74,-29,-186
-80,-35,-171
-84,-44,-177
-84,-44,-177
-115,-36,-172
-110,-39,-184
-119,-27,-181
-122,-44,-175
-142,-26,-185
-138,-32,-175
-147,-30,-183
-155,-34,-188
-162,-17,-181
-168,-21,-176
-174,-32,-165
-174,-32,-165
-174,-32,-165
-187,-16,-176
-198,-5,-163
-209,-7,-171
-218,-4,-160
-218,-4,-167
-228,4,-153
-224,-1,-152
-229,5,-154
-237,9,-146
-245,17,-154
-245,17,-154
-245,17,-154
-260,32,-156
-262,32,-149
-271,27,-147
-268,33,-146
-282,30,-141
-273,38,-141
-285,35,-151
-286,46,-145
-289,45,-146
-283,48,-147
-295,39,-138
-295,39,-138
-287,45,-141
-289,61,-151
-302,55,-143
-304,54,-153
-301,54,-144
-288,46,-161
-292,52,-148
-295,46,-152
-287,47,-139
-281,55,-154
-281,55,-154
-281,55,-154
-283,46,-156
-285,38,-148
-287,50,-162
-274,39,-165
-276,36,-149
-269,22,-154
-268,23,-146
-270,26,-155
-264,10,-156
-247,7,-146
-239,11,-144
-239,11,-144
-239,11,-144
-218,-4,-139
-206,-7,-141
-192,-19,-139
-188,-25,-131
-175,-26,-144
-163,-23,-148
-160,-22,-159
-146,-25,-152
-143,-27,-147
-138,-22,-140
-138,-22,-140
-138,-22,-140
-108,-32,-147
-92,-42,-141
-85,-28,-137
-86,-29,-143
-79,-34,-136
-61,-28,-141
-49,-26,-146
-47,-21,-146
-39,-22,-152
-39,-20,-140
-17,-20,-149
-8,-13,-143
-4,-9,-148
-10,-10,-138
10,3,-143
11,4,-146
19,7,-137
20,10,-136
27,29,-129
29,8,-140
52,23,-125
42,26,-128
42,26,-128
42,26,-128
58,41,-129
68,54,-123
67,60,-129
74,60,-127
83,73,-130
92,64,-125
89,84,-129
98,84,-133
104,95,-130
98,89,-133
98,89,-133
116,107,-123
111,111,-130
116,111,-130
116,126,-132
124,125,-131
119,132,-131
127,127,-138
131,134,-131
135,138,-137
133,145,-132
133,142,-130
133,142,-130
133,142,-130
130,159,-137
138,167,-127
138,167,-143
133,171,-132
147,176,-139
131,179,-136
138,177,-124
143,184,-129
150,198,-129
149,197,-132
149,197,-132
149,197,-132
147,197,-128
144,197,-137
140,216,-123
143,208,-124
133,216,-130
149,216,-116
143,215,-127
141,220,-133
148,215,-133
140,231,-119
144,221,-125
144,221,-125
136,229,-138
150,232,-122
142,238,-128
149,238,-132
147,240,-128
150,237,-129
141,244,-122
137,247,-137
147,245,-135
149,257,-128
153,256,-138
153,256,-138
153,256,-138
138,279,-129
140,276,-130
146,275,-136
150,275,-131
140,278,-132
141,279,-133
137,283,-130
128,295,-125
134,308,-129
124,5,-122
124,310,-122
124,310,-122
127,322,-127
122,320,-129
123,324,-130
131,318,-127
128,324,-139
116,316,-139
110,341,-140
121,335,-135
124,337,-133
116,347,-139
117,351,-138
117,351,-138
117,351,-138
104,357,-139
108,360,-145
112,360,-147
108,368,-143
110,363,-145
98,372,-143
103,377,-140
96,384,-147
98,377,-149
86,389,-136
86,389,-136
84,399,-136
79,401,-136
84,401,-143
81,399,-143
73,412,-146
66,416,-144
60,411,-133
60,418,-133
65,413,-140
59,428,-139
52,438,-132
52,438,-132
52,438,-132
46,442,-127
35,433,-123
36,444,-140
33,447,-132
29,449,-138
27,439,-140
17,453,-131
33,445,-135
27,453,-145
24,461,-147
24,461,-147
24,461,-147
22,446,-154
23,462,-153
22,446,-145
20,456,-147
20,463,-147
26,455,-157
20,461,-133
16,455,-128
23,457,-139
21,452,-128
23,445,-139
23,445,-139
23,450,-141
16,452,-125
21,450,-132
14,450,-123
28,450,-119
29,444,-113
28,440,-103
19,436,-100
19,438,-105
21,440,-107
21,436,-109
21,436,-109
21,436,-109
24,449,-122
28,447,-123
23,447,-123
24,444,-124
13,446,-122
19,450,-123
17,444,-120
17,446,-127
27,444,-113
16,455,-116
16,455,-116
16,455,-116
11,457,-121
23,450,-119
21,447,-119
14,447,-112
14,452,-114
14,438,-112
19,450,-125
22,442,-117
21,447,-130
29,456,-138
26,445,-139
26,445,-139
26,445,-139
43,437,-143
34,439,-136
55,420,-129
57,421,-132
66,405,-139
74,401,-133
83,390,-125
103,377,-127
85,371,-123
90,364,-132
90,364,-132
90,364,-132
115,332,-129
124,332,-127
116,333,-123
127,322,-127
131,318,-133
127,315,-131
127,322,-127
125,324,-130
143,308,-120
130,314,-121
123,321,-128
123,321,-128
123,321,-123
124,313,-120
125,319,-128
134,313,-127
130,326,-116
124,322,-127
127,313,-124
133,312,-130
131,313,-124
130,305,-128
134,320,-127
134,320,-127
134,320,-127
123,307,-125
128,309,-125
129,318,-120
118,307,-128
123,314,-130
119,318,-124
121,326,-121
123,321,-116
122,337,-131
123,340,-130
123,340,-130
104,345,-128
112,346,-129
104,343,-130
109,345,-128
109,347,-114
106,359,-130
104,362,-128
103,358,-122
102,369,-123
108,360,-127
90,381,-125
90,381,-125
90,381,-125
87,364,-121
96,389,-129
90,381,-128
79,387,-115
67,396,-122
84,403,-122
73,405,-119
72,401,-124
68,412,-123
64,400,-125
64,400,-125
64,400,-125
53,406,-131
57,419,-125
57,419,-130
49,421,-123
43,420,-120
43,420,-131
52,421,-128
46,422,-129
55,425,-131
41,432,-129
48,427,-131
48,427,-131
48,427,-131
34,437,-122
40,426,-130
39,442,-129
40,433,-121
36,425,-124
38,440,-132
29,442,-131
28,440,-130
22,437,-129
19,445,-130
19,445,-130
19,445,-130
13,453,-131
13,446,-115
7,457,-130
10,446,-124
-2,457,-128
2,452,-125
-7,464,-119
-5,453,-124
-23,469,-128
-22,470,-120
-28,469,-128
-48,482,-122
-48,489,-127
-51,480,-122
-61,471,-128
-73,483,-132
-81,480,-129
-76,488,-116
-93,475,-122
-86,492,-124
-108,489,-131
-111,486,-128
-111,486,-128
-111,486,-128
-128,490,-123
-127,494,-120
-142,486,-130
-153,484,-124
-149,483,-128
-154,488,-128
-157,477,-122
-172,480,-131
-182,467,-123
-194,478,-130
-194,478,-130
-194,478,-130
-206,467,-130
-206,476,-119
-219,465,-113
-211,474,-123
-209,464,-130
-223,462,-125
-207,456,-122
-204,471,-125
-209,474,-125
-211,476,-121
-203,477,-131
-203,477,-131
-205,480,-129
-214,470,-122
-214,458,-120
-218,469,-121
-225,474,-130
-220,450,-121
-224,465,-122
-226,465,-133
-222,458,-131
-237,462,-121
-237,462,-121
-237,462,-121
-244,455,-116
-248,446,-122
-257,442,-122
-254,445,-128
-264,439,-129
-266,440,-130
-266,436,-132
-276,432,-120
-282,428,-125
-274,427,-115
-287,416,-123
-287,416,-123
-302,403,-131
-296,400,-130
-311,393,-130
-314,384,-140
-332,371,-141
-317,360,-143
-331,356,-140
-323,350,-137
-343,341,-136
-340,330,-143
-339,324,-137
-339,324,-137
-339,324,-137
-351,309,-130
-353,302,-139
-355,296,-136
-353,281,-130
-369,260,-133
-359,279,-140
-359,258,-131
-357,256,-138
-361,252,-141
-362,237,-147
-362,237,-147
-362,237,-147
-357,222,-143
-358,204,-139
-363,209,-141
-353,202,-132
-363,183,-135
-357,184,-136
-362,187,-145
-362,177,-140
-343,175,-138
-355,167,-140
-342,169,-141
-342,169,-141
-342,169,-141
-345,141,-140
-345,146,-136
-338,141,-143
-343,148,-140
-350,134,-145
-339,135,-141
-336,129,-136
-332,126,-141
-342,128,-141
-345,125,-140
-345,125,-140
-345,125,-140
-349,116,-144
-337,138,-151
-347,122,-147
-350,141,-140
-344,145,-141
-343,158,-138
-349,154,-146
-345,160,-140
-357,175,-140
-352,182,-138
-365,190,-139
-365,190,-139
-366,222,-139
-362,234,-133
-362,241,-145
-356,259,-135
-363,259,-148
-349,259,-148
-358,281,-132
-342,290,-135
-345,310,-147
-349,316,-141
-342,333,-144
-342,333,-144
-342,333,-144
-338,365,-145
-330,371,-137
-323,364,-139
-320,383,-146
-305,391,-147
-288,403,-133
-287,414,-130
-281,415,-131
-273,428,-135
-268,431,-128
-264,446,-129
-264,446,-129
-238,458,-124
-241,458,-120
-222,461,-136
-219,477,-129
-214,472,-131
-213,483,-125
-197,476,-119
-192,481,-116
-187,490,-121
-179,489,-124
-172,499,-117
-172,499,-117
-172,499,-117
-147,500,-119
-141,492,-117
-130,507,-109
-131,499,-111
-116,493,-109
-108,484,-111
-96,484,-113
-91,492,-104
-92,481,-109
-80,471,-112
-80,471,-112
-80,471,-112
-68,469,-105
-73,467,-114
-74,470,-129
-67,468,-113
-67,472,-124
-62,465,-124
-58,475,-122
-54,471,-132
-46,475,-120
-47,474,-123
-52,471,-121
-52,471,-121
-52,471,-121
-17,472,-129
-15,465,-127
-11,467,-121
-20,463,-120
-3,456,-127
-4,455,-121
3,453,-124
2,447,-119
14,438,-119
23,443,-119
23,443,-119
23,443,-119
33,440,-121
32,439,-129
23,440,-125
38,440,-123
32,432,-122
46,432,-133
40,426,-121
43,430,-117
46,418,-120
52,419,-128
70,413,-122
70,413,-122
74,401,-129
76,405,-125
72,394,-122
83,402,-130
76,386,-125
96,396,-122
96,387,-122
99,397,-121
96,382,-120
93,387,-127
102,388,-116
110,391,-122
110,391,-122
112,391,-115
112,396,-106
117,399,-92
131,406,-88
141,401,-67
147,402,-52
149,393,-22
155,380,10
152,345,20
130,324,20
117,310,26
117,310,26
98,279,-5
81,260,-21
86,265,-42
85,262,-48
87,264,-73
99,274,-84
80,276,-96
100,265,-97
96,272,-108
92,269,-114
90,266,-109
97,271,-109
97,271,-109
97,271,-109
112,279,-122
91,275,-111
93,270,-108
102,271,-112
98,268,-106
106,278,-105
102,278,-109
98,277,-106
93,263,-101
104,274,-114
104,274,-114
104,274,-114
106,264,-109
109,271,-109
98,268,-117
100,263,-108
117,268,-113
102,269,-114
108,263,-106
98,270,-108
103,275,-106
109,269,-107
108,268,-108
92,269,-105
105,268,-113
109,269,-103
100,279,-108
105,265,-122
102,264,-112
104,276,-116
116,259,-109
105,263,-113
104,257,-114
127,249,-124
116,257,-125
116,257,-125
116,257,-125
117,244,-120
123,250,-119
116,254,-119
116,269,-123
123,252,-123
117,260,-122
116,252,-132
122,249,-120
117,253,-111
105,263,-120
105,263,-120
105,263,-120
118,250,-130
128,240,-125
118,252,-119
122,244,-122
134,246,-127
124,246,-133
122,246,-124
127,237,-129
124,237,-124
127,244,-129
131,232,-131
131,232,-131
131,232,-131
122,229,-131
130,231,-128
128,228,-128
133,228,-135
135,216,-123
131,210,-136
130,209,-135
124,222,-129
135,214,-132
130,204,-132
130,204,-132
130,204,-132
131,191,-138
123,176,-132
121,185,-137
118,181,-137
131,172,-133
123,162,-128
118,166,-130
116,159,-125
114,152,-128
112,153,-122
117,137,-136
103,137,-120
108,127,-115
103,115,-111
92,104,-119
98,101,-115
98,96,-106
91,94,-111
92,76,-116
83,76,-116
93,70,-115
89,72,-124
89,72,-124
89,72,-124
91,55,-122
100,53,-129
95,50,-130
97,54,-135
81,55,-133
85,50,-139
86,46,-136
85,45,-135
78,40,-144
85,40,-135
85,40,-135
65,36,-138
70,41,-143
66,26,-148
64,30,-141
70,27,-143
51,29,-149
45,11,-153
48,20,-154
52,23,-151
36,3,-154
26,7,-146
26,7,-146
26,7,-146
11,0,-148
17,-1,-154
5,-3,-154
9,-16,-160
-2,-9,-162
2,-7,-153
-9,-11,-151
-4,-7,-151
-10,-15,-161
-10,-22,-161
-10,-22,-161
-10,-22,-161
-23,-21,-151
-21,-14,-162
-32,-13,-154
-33,-16,-151
-30,-21,-155
-32,-27,-154
-34,-27,-159
-32,-15,-147
-51,-17,-152
-41,-32,-156
-33,-11,-157
-33,-11,-157
-43,-29,-163
-46,-32,-154
-43,-32,-147
-27,-22,-163
-46,-27,-149
-30,-38,-151
-39,-20,-161
-48,-8,-152
-42,-30,-160
-26,-16,-160
-26,-16,-160
-26,-16,-160
-33,-11,-148
-23,-19,-160
-19,-16,-162
-27,-15,-156
-11,-11,-148
-9,-11,-157
-4,-4,-160
1,-8,-159
2,-4,-167
-1,-20,-154
10,-5,-147
10,-5,-147
23,2,-151
21,0,-148
27,3,-156
30,0,-155
26,4,-157
29,8,-156
34,5,-154
33,4,-146
43,13,-149
41,22,-152
58,25,-145
58,25,-145
58,25,-145
67,32,-147
55,29,-138
70,39,-147
70,27,-140
70,44,-143
60,36,-149
76,40,-146
89,39,-143
77,46,-147
78,50,-148
78,50,-148
78,50,-148
86,63,-138
95,59,-144
96,67,-145
93,67,-147
103,75,-136
100,75,-143
111,88,-148
110,77,-143
121,83,-144
116,88,-139
114,90,-146
114,90,-146
114,90,-146
116,104,-146
137,104,-141
133,123,-141
138,122,-145
140,109,-139
130,121,-141
137,123,-137
136,125,-152
135,121,-135
130,131,-130
130,131,-130
130,131,-130
146,134,-147
147,135,-141
140,131,-139
140,128,-141
135,128,-146
134,125,-131
137,128,-135
133,121,-137
129,125,-143
137,119,-135
135,116,-125
135,116,-125
146,120,-138
140,119,-137
127,110,-129
130,109,-137
136,110,-138
128,119,-135
134,103,-136
125,95,-137
129,103,-145
135,109,-139
133,107,-139
133,107,-139
133,107,-139
134,110,-143
134,103,-138
136,110,-138
131,110,-133
131,101,-133
130,102,-139
133,109,-135
129,103,-140
121,100,-132
129,103,-136
129,103,-136
129,103,-136
137,100,-128
134,108,-138
129,110,-131
135,109,-139
131,108,-147
128,102,-141
138,106,-138
131,113,-138
136,106,-147
127,113,-136
129,106,-136
129,106,-136
128,107,-137
125,107,-146
124,108,-136
122,103,-131
131,106,-138
127,101,-133
118,95,-132
131,96,-140
129,101,-138
129,91,-138
129,91,-138
129,91,-138
137,97,-135
121,88,-137
133,109,-137
134,98,-136
130,102,-137
129,108,-133
133,102,-137
128,111,-135
131,98,-138
124,96,-140
136,106,-138
136,106,-138
133,109,-135
138,103,-133
138,108,-145
134,115,-131
136,98,-140
138,103,-136
133,111,-135
137,107,-137
133,107,-135
133,100,-139
133,100,-139
133,100,-139
135,114,-141
127,110,-131
125,100,-146
129,110,-133
135,109,-137
129,94,-143
125,97,-144
129,96,-140
134,110,-131
133,100,-139
130,109,-128
130,109,-128
135,92,-141
129,106,-140
130,111,-135
133,102,-146
131,115,-140
128,104,-139
129,96,-136
131,103,-133
136,106,-140
134,103,-131
138,110,-140
138,110,-140
138,110,-140
134,103,-133
136,108,-133
135,95,-139
137,102,-137
128,100,-128
138,101,-154
134,106,-140
125,102,-137
137,104,-132
131,106,-133
131,106,-133
133,95,-135
135,114,-137
130,104,-137
134,108,-136
119,89,-147
135,97,-128
133,92,-137
131,103,-138
129,106,-136
131,106,-136
137,107,-135
133,95,-137
133,95,-137
129,103,-136
123,102,-137
129,106,-141
134,101,-133
133,100,-137
129,101,-143
134,106,-138
122,96,-138
124,103,-136
124,108,-138
124,108,-138
124,108,-138
133,104,-137
119,94,-133
128,104,-139
143,106,-145
137,107,-135
125,95,-139
118,90,-139
130,97,-139
135,102,-141
141,98,-133
144,107,-141
144,107,-141
137,102,-146
131,101,-127
136,94,-145
129,106,-131
134,101,-136
129,106,-143
138,106,-138
130,95,-146
136,101,-131
135,109,-132
129,94,-138
129,94,-138
124,106,-138
128,109,-135
137,104,-137
133,109,-137
129,94,-138
130,107,-137
122,94,-138
130,95,-132
136,106,-145
140,107,-135
140,107,-130
140,107,-130
125,109,-130
131,108,-133
136,106,-136
134,103,-145
136,108,-131
136,98,-143
127,91,-147
127,106,-131
129,98,-140
142,102,-144
129,94,-143
129,94,-143
125,102,-141
133,104,-130
123,107,-146
128,95,-137
129,113,-140
130,107,-146
127,98,-138
124,101,-138
134,96,-129
135,100,-137
135,100,-137
135,100,-137
133,97,-141
119,96,-154
140,102,-139
122,103,-140
130,107,-141
128,104,-144
134,103,-136
121,100,-130
135,102,-135
133,107,-139
135,107,-144
135,107,-144
135,107,-144
136,108,-136
124,96,-133
135,111,-135
133,104,-141
140,107,-132
137,90,-130
131,96,-140
141,106,-143
130,102,-137
130,102,-137
130,102,-137
141,103,-145
131,94,-140
131,101,-140
133,102,-137
140,100,-137
123,107,-135
123,95,-125
127,96,-133
128,97,-139
129,106,-133
123,88,-137
123,88,-137
134,98,-143
130,104,-139
134,98,-133
116,97,-141
128,107,-137
125,100,-135
123,100,-135
135,104,-135
130,97,-135
122,94,-138
121,95,-135
121,95,-135
130,107,-132
125,111,-135
130,102,-135
124,94,-138
122,98,-124
125,109,-139
129,108,-138
125,102,-137
135,97,-130
130,100,-130
130,102,-144
130,102,-144
131,91,-133
130,97,-139
129,113,-138
127,91,-147
130,111,-139
121,100,-130
130,92,-130
134,106,-133
130,100,-137
128,97,-139
133,95,-137
133,95,-137
133,95,-137
128,95,-132
130,102,-132
125,95,-141
128,102,-123
133,107,-128
130,104,-132
128,92,-148
131,106,-133
119,103,-124
130,104,-135
130,104,-135
130,104,-135
137,100,-132
129,101,-136
135,100,-135
135,95,-139
137,102,-125
133,104,-141
128,102,-139
128,95,-137
136,96,-133
128,102,-137
129,101,-140
129,101,-140
127,96,-140
128,95,-141
135,109,-144
130,90,-137
129,96,-140
124,103,-133
128,102,-132
122,108,-143
127,98,-133
129,94,-131
129,101,-131
129,101,-131
127,89,-145
129,103,-131
130,102,-135
116,83,-139
133,114,-141
131,103,-140
128,97,-130
130,102,-137
131,106,-131
125,104,-132
121,97,-139
134,101,-136
136,101,-131
129,96,-129
127,101,-138
