74,30,-122
84,34,-124
70,32,-128
69,33,-127
79,29,-125
76,30,-118
74,26,-126
79,25,-117
75,29,-125
76,36,-126
79,25,-125
74,28,-128
78,34,-118
85,29,-125
76,28,-126
79,37,-117
74,28,-120
69,23,-127
72,26,-128
79,35,-121
74,26,-124
81,39,-125
73,33,-121
78,34,-130
75,39,-121
77,37,-125
76,32,-126
78,34,-120
75,21,-123
71,35,-125
81,25,-121
77,29,-119
81,35,-127
78,34,-126
79,37,-119
74,34,-120
79,31,-127
75,25,-125
80,30,-126
66,30,-132
70,30,-118
80,28,-130
82,32,-124
70,34,-122
75,21,-129
71,29,-127
82,26,-126
75,25,-123
77,35,-127
72,32,-128
77,39,-133
75,27,-131
82,26,-124
65,29,-125
67,27,-123
69,29,-131
79,25,-135
70,28,-120
76,26,-124
71,27,-127
78,34,-132
77,31,-117
76,34,-126
75,29,-127
70,40,-124
74,36,-128
74,30,-128
78,30,-120
74,22,-130
71,31,-129
77,29,-125
71,31,-117
81,35,-125
79,25,-127
72,26,-134
70,32,-126
71,35,-123
78,32,-122
79,33,-119
78,34,-124
67,29,-131
70,30,-136
83,29,-125
77,27,-121
69,35,-123
76,28,-126
78,28,-132
71,33,-127
72,24,-124
73,27,-131
78,28,-120
73,23,-125
64,30,-128
73,29,-123
71,31,-127
67,27,-131
77,35,-125
80,26,-130
75,31,-131
73,21,-125
69,23,-127
83,25,-117
70,28,-126
73,23,-119
68,28,-128
77,27,-123
71,29,-131
70,28,-134
67,23,-117
68,12,-126
60,14,-124
61,19,-131
62,14,-122
56,16,-116
47,9,-117
42,2,-122
31,1,-127
35,-9,-121
20,-4,-134
19,-17,-127
14,-12,-132
13,-13,-131
-9,-19,-133
-12,-24,-142
-9,-21,-133
-25,-43,-135
-35,-31,-141
-40,-26,-140
-42,-38,-138
-47,-41,-147
-78,-36,-150
-80,-30,-148
-79,-35,-149
-95,-41,-149
-98,-40,-158
-100,-34,-150
-107,-37,-153
-117,-37,-145
-124,-28,-148
-129,-37,-155
-125,-27,-141
-138,-32,-140
-134,-20,-146
-146,-22,-146
-147,-11,-129
-151,-21,-127
-155,-11,-133
-152,-8,-136
-155,-17,-125
-160,-16,-130
-152,-22,-124
-143,-19,-145
-145,-25,-133
-141,-15,-141
-142,-14,-136
-147,-27,-123
-138,-26,-128
-132,-28,-126
-128,-30,-120
-125,-25,-133
-107,-33,-131
-108,-30,-128
-102,-28,-134
-95,-33,-129
-89,-35,-135
-89,-29,-129
-84,-38,-122
-66,-30,-124
-72,-34,-132
-61,-33,-123
-58,-40,-124
-48,-30,-130
-54,-38,-124
-50,-28,-118
-51,-33,-127
-38,-34,-124
-35,-33,-127
-17,-27,-131
-22,-28,-130
-21,-17,-125
-7,-19,-121
6,-8,-118
4,-16,-120
5,-17,-111
19,-1,-113
35,5,-105
40,10,-106
55,29,-97
63,23,-99
57,27,-95
70,30,-100
72,42,-90
76,48,-94
84,56,-90
94,66,-80
92,84,-92
96,82,-82
109,79,-87
106,90,-90
102,100,-82
113,105,-87
117,119,-75
110,112,-84
115,119,-79
120,118,-72
123,129,-81
113,137,-75
126,148,-80
121,161,-67
117,167,-69
119,175,-75
115,183,-65
111,185,-69
121,179,-63
126,188,-62
108,198,-54
130,184,-76
116,230,-64
120,236,-76
123,237,-81
120,244,-78
127,229,-91
131,237,-83
119,235,-87
130,242,-90
134,234,-96
115,241,-89
125,243,-95
127,241,-101
122,252,-92
112,258,-80
114,260,-82
106,264,-84
108,266,-72
93,281,-63
90,288,-60
80,286,-58
72,300,-48
74,298,-40
66,302,-44
63,309,-45
67,299,-39
61,317,-47
54,316,-48
49,321,-41
42,318,-42
38,322,-48
37,325,-45
34,330,-44
16,342,-54
19,357,-55
10,360,-52
4,358,-48
0,360,-50
4,356,-48
-5,361,-59
-3,359,-39
-17,375,-43
-19,365,-51
-30,378,-48
-41,379,-47
-32,372,-56
-41,379,-53
-55,383,-53
-50,382,-58
-49,385,-61
-51,381,-67
-60,386,-66
-67,389,-59
-54,388,-64
-60,386,-56
-58,384,-70
-58,384,-66
-67,387,-67
-59,381,-55
-60,386,-62
-55,395,-63
-52,384,-66
-55,393,-67
-43,385,-65
-45,389,-75
-40,384,-70
-31,381,-77
-5,383,-83
-2,384,-82
13,369,-83
16,366,-90
27,363,-97
30,364,-92
37,361,-87
54,356,-90
52,350,-84
62,338,-86
77,329,-83
94,300,-80
113,291,-91
112,284,-78
108,276,-86
117,265,-83
122,252,-84
138,220,-102
134,218,-100
140,210,-98
135,201,-99
139,173,-107
143,163,-101
134,156,-110
140,144,-106
132,140,-120
133,121,-115
132,116,-124
136,114,-128
127,99,-121
124,102,-126
113,95,-123
118,84,-130
112,70,-116
94,68,-124
88,50,-122
92,46,-114
79,39,-123
84,38,-122
68,20,-104
65,23,-113
56,18,-104
39,7,-115
37,9,-111
34,2,-118
27,-5,-117
25,9,-111
21,-9,-119
14,-8,-114
5,-7,-121
-22,-18,-118
-35,-17,-119
-40,-28,-108
-57,-27,-109
-66,-40,-114
-69,-29,-107
-70,-30,-102
-80,-28,-110
-110,-22,-120
-113,-23,-109
-122,-16,-114
-137,-19,-103
-158,-8,-108
-171,-13,-111
-164,4,-110
-185,5,-109
-181,15,-113
-190,4,-112
-192,10,-102
-199,9,-103
-197,17,-105
-196,18,-106
-205,17,-109
-194,22,-110
-207,11,-103
-205,19,-101
-202,18,-106
-198,24,-114
-209,9,-105
-203,15,-103
-198,10,-108
-189,21,-117
-196,12,-100
-189,13,-105
-178,-2,-108
-177,3,-95
-156,-6,-104
-158,0,-102
-131,-9,-99
-126,-12,-104
-107,-23,-99
-98,-28,-94
-96,-14,-96
-81,-21,-91
-73,-17,-85
-63,-23,-87
-27,-15,-83
-16,-18,-82
-6,-14,-88
-5,-3,-89
9,3,-85
2,0,-82
22,10,-80
30,20,-78
33,27,-73
51,29,-61
51,37,-65
50,38,-74
65,41,-59
74,70,-50
84,76,-58
85,81,-51
92,98,-50
96,100,-44
98,112,-56
95,115,-51
94,118,-46
105,155,-47
113,171,-51
107,185,-43
108,180,-52
110,192,-48
101,197,-49
104,210,-48
111,213,-49
111,245,-57
107,243,-53
114,256,-58
116,264,-64
100,276,-68
104,278,-66
98,284,-70
93,295,-89
91,309,-83
85,311,-87
72,330,-86
77,327,-99
79,341,-103
71,343,-107
60,356,-116
53,367,-119
49,369,-115
40,370,-120
49,373,-123
36,376,-124
33,377,-123
28,382,-126
12,390,-128
8,390,-118
5,389,-119
17,385,-121
13,393,-129
9,389,-117
13,393,-123
24,384,-120
27,385,-125
25,373,-121
38,368,-124
50,370,-124
55,365,-119
61,359,-127
70,346,-124
66,342,-112
83,331,-115
82,328,-112
89,323,-105
97,307,-109
106,306,-96
103,303,-93
122,268,-84
112,254,-82
122,244,-88
117,231,-81
118,228,-72
129,223,-75
131,211,-77
123,201,-79
136,200,-72
125,191,-73
126,172,-82
123,163,-83
121,145,-71
116,134,-74
108,122,-70
105,115,-63
108,120,-68
106,110,-66
94,100,-70
106,106,-58
100,110,-66
105,111,-65
104,110,-82
106,108,-64
102,116,-62
100,118,-56
109,107,-55
103,117,-49
104,130,-52
103,127,-53
102,132,-48
88,124,-46
94,118,-40
89,141,-27
96,136,-32
86,132,-40
82,128,-28
87,147,-33
90,154,-22
84,152,-28
94,150,-26
90,164,-30
88,174,-28
99,175,-25
89,197,-27
95,225,-37
90,224,-34
86,238,-32
95,247,-43
94,242,-38
92,256,-48
104,252,-52
95,267,-51
97,277,-49
88,292,-58
87,299,-61
85,311,-67
82,302,-70
95,309,-79
78,316,-72
76,326,-90
86,332,-94
72,340,-104
76,338,-112
75,345,-119
74,362,-124
70,354,-130
69,361,-135
70,358,-142
74,366,-140
68,358,-154
70,356,-168
74,362,-170
65,361,-179
60,368,-184
66,372,-198
56,378,-208
52,374,-204
46,378,-210
43,375,-221
52,374,-212
44,376,-222
37,379,-219
33,389,-231
28,378,-232
25,385,-231
14,378,-232
10,392,-236
7,389,-239
8,386,-238
1,395,-235
0,394,-240
-7,393,-249
-11,391,-241
-30,392,-252
-33,401,-251
-35,411,-241
-52,404,-252
-53,407,-245
-57,399,-253
-75,401,-257
-91,393,-251
-102,404,-248
-107,395,-251
-111,403,-255
-121,401,-245
-136,392,-258
-147,381,-253
-148,376,-266
-153,375,-265
-175,371,-269
-170,364,-262
-181,359,-265
-182,362,-274
-186,354,-272
-179,353,-279
-187,351,-275
-180,358,-274
-186,352,-278
-187,357,-275
-189,351,-277
-177,357,-273
-174,358,-276
-179,365,-273
-163,367,-273
-176,372,-264
-166,368,-274
-169,371,-267
-162,374,-262
-169,367,-265
-160,376,-270
-152,378,-272
-143,375,-267
-137,385,-267
-136,380,-262
-129,391,-271
-122,394,-264
-116,388,-268
-107,393,-261
-101,389,-269
-99,393,-261
-78,406,-262
-71,403,-253
-57,393,-255
-48,404,-246
-37,403,-245
-39,397,-255
-32,402,-248
-19,395,-249
-22,394,-238
-17,393,-253
-10,396,-244
-15,395,-243
-2,392,-250
7,387,-249
28,384,-252
29,367,-253
37,365,-1
39,367,-249
47,365,-251
40,366,-246
49,359,-245
54,362,-244
64,344,-252
67,353,-247
82,328,-262
89,321,-263
100,312,-272
95,301,-279
92,304,-278
96,306,-280
103,297,-283
95,283,-281
103,281,-285
110,276,-300
101,265,-297
108,266,-288
118,262,-286
109,247,-279
119,243,-287
116,242,-278
118,224,-286
123,221,-281
123,211,-291
117,191,-289
120,190,-290
117,177,-295
113,155,-299
102,132,-304
79,121,-303
87,113,-307
73,95,-307
72,86,-316
68,90,-324
65,75,-319
64,80,-322
52,70,-330
44,58,-328
47,55,-327
36,52,-328
43,57,-325
34,48,-314
45,47,-321
29,43,-309
35,35,-313
30,36,-312
37,33,-307
30,30,-296
34,26,-300
30,26,-278
32,20,-286
22,14,-286
28,24,-288
23,11,-279
30,10,-274
16,4,-258
20,2,-254
31,-5,-255
18,-4,-248
23,-11,-3
15,-5,-247
24,-8,-248
3,-13,-237
12,-18,-242
2,-14,-240
6,-2,-236
1,-17,-231
-6,-20,-230
-2,-28,-232
-7,-21,-233
-8,-18,-230
-11,-29,-227
-10,-26,-220
-6,-24,-222
-24,-34,-224
-26,-28,-218
-17,-31,-223
-20,-26,-224
-25,-25,-221
-37,-17,-227
-27,-21,-223
-21,-29,-225
-23,-25,-229
-28,-32,-228
-16,-26,-230
-25,-23,-229
-29,-21,-235
-23,-23,-233
-17,-17,-239
-10,-18,-252
-13,-5,-271
1,-11,-265
2,0,-272
9,7,-275
12,2,-292
10,16,-296
28,34,-314
36,46,-334
20,56,-340
38,64,-330
46,72,-344
45,83,-341
56,96,-346
45,103,-341
54,100,-348
57,107,-339
58,116,-344
70,136,-346
79,159,-335
80,146,-342
84,166,-338
81,169,-337
104,190,-326
97,189,-327
97,199,-321
94,208,-316
101,211,-323
107,219,-311
110,238,-304
117,241,-295
107,243,-289
113,257,-297
105,259,-301
114,258,-298
103,275,-295
95,287,-299
96,290,-294
105,283,-279
94,290,-292
93,299,-289
99,297,-267
93,307,-287
85,315,-271
79,335,-269
61,333,-261
58,340,-258
64,344,-260
55,359,-257
43,377,-237
35,375,-233
36,384,-232
27,381,-233
39,385,-227
19,387,-223
16,388,-224
5,393,-217
1,403,-225
-12,398,-212
-2,406,-228
-8,404,-220
-25,407,-221
-44,404,-212
-51,407,-217
-52,410,-226
-55,417,-223
-63,413,-233
-76,414,-240
-77,411,-235
-83,407,-233
-89,401,-255
-98,404,-258
-101,401,-265
-107,393,-261
-106,398,-278
-112,386,-278
-118,388,-276
-132,382,-282
-127,381,-281
-136,372,-282
-141,383,-285
-139,385,-281
-148,384,-278
-147,377,-275
-153,373,-277
-154,378,-266
-157,371,-265
-166,370,-270
-163,369,-263
-176,366,-268
-177,367,-269
-183,355,-265
-180,368,-268
-191,365,-273
-197,363,-267
-184,362,-272
-185,367,-279
-184,354,-264
-182,362,-270
-189,357,-267
-190,358,-278
-189,359,-273
-186,358,-282
-181,349,-283
-179,355,-285
-184,366,-284
-165,365,-289
-160,368,-290
-156,374,-284
-155,365,-295
-142,374,-288
-112,380,-294
-107,387,-295
-89,383,-283
-73,387,-297
-64,388,-290
-23,393,-283
-20,374,-288
-15,377,-301
-3,373,-291
2,372,-288
14,370,-286
27,365,-287
27,367,-281
39,355,-285
53,343,-273
71,331,-277
83,319,-287
94,310,-278
100,298,-286
99,295,-285
104,288,-286
117,285,-281
121,275,-279
117,265,-281
114,258,-286
106,242,-288
110,234,-298
117,227,-289
111,219,-303
120,204,-296
114,200,-300
111,189,-301
122,168,-304
110,154,-300
117,139,-293
110,142,-288
109,133,-281
112,112,-292
117,117,-281
112,110,-282
103,97,-283
97,87,-273
96,68,-270
101,79,-265
87,55,-263
80,48,-258
77,35,-257
70,34,-254
68,32,-252
71,31,-249
68,22,-246
58,24,-246
53,13,-237
50,10,-240
44,6,-230
30,-4,-232
35,-1,-227
27,-5,-231
32,-8,-218
27,-3,-217
31,-7,-221
27,-11,-225
26,-12,-222
17,-15,-227
8,-18,-226
1,-13,-227
9,-11,-231
14,-10,-220
7,-15,-229
9,-17,-225
4,-14,-234
6,-12,-232
-1,-15,-243
3,-23,-245
-4,-12,-242
4,-10,-250
-6,-12,-254
-9,-15,-263
-10,-6,-266
-5,-9,-267
-6,-2,-282
-11,5,-295
3,9,-297
0,14,-306
-3,17,-307
5,29,-319
4,34,-316
-3,39,-331
-8,52,-344
5,47,-341
-3,59,-345
10,70,-356
2,78,-360
5,95,-375
3,103,-373
-4,104,-380
-7,113,-393
-4,108,-386
-7,119,-391
-2,132,-388
-8,148,-404
-17,151,-399
-16,164,-404
-21,163,-403
-34,164,-408
-30,172,-404
-27,181,-407
-34,170,-400
-29,179,-403
-58,186,-416
-52,188,-408
-62,200,-408
-71,191,-413
-73,195,-405
-84,196,-406
-86,198,-412
-98,196,-414
-101,207,-401
-120,210,-410
-132,212,-400
-149,223,-403
-154,236,-396
-163,233,-373
-170,236,-380
-181,235,-379
-191,241,-359
-196,252,-368
-204,238,-362
-218,250,-340
-219,251,-345
-223,253,-337
-224,260,-344
-230,250,-320
-227,253,-319
-248,254,-300
-251,257,-295
-252,266,-292
-263,259,-271
-249,261,-281
-266,256,-260
-269,257,-263
-263,271,-249
-268,268,-242
-269,259,-235
-276,272,-212
-274,276,-204
-275,281,-205
-275,277,-177
-273,273,-175
-274,286,-158
-265,289,-119
-264,288,-118
-257,287,-107
-254,282,-100
-248,302,-82
-242,292,-74
-232,286,-64
-227,289,-55
-220,292,-34
-209,283,-27
-202,294,-12
-198,288,-20
-195,289,-17
-185,297,-15
-178,298,-2
-157,323,1
-156,308,2
-145,313,-5
-137,319,-3
-115,331,5
-118,332,4
-96,328,12
-88,330,-6
-82,340,2
-74,344,8
-68,342,0
-49,339,-3
-46,338,0
-25,333,-9
-20,340,-10
-7,349,-19
6,340,-18
15,341,-29
12,336,-32
17,333,-27
18,336,-28
34,332,-40
36,336,-36
42,334,-34
48,328,-40
54,318,-40
55,321,-47
62,314,-46
59,313,-49
79,303,-39
81,295,-47
79,291,-41
86,292,-58
89,293,-51
96,284,-56
99,277,-59
103,287,-59
101,275,-61
109,271,-69
105,279,-71
108,282,-66
100,280,-76
96,278,-68
102,270,-72
100,280,-70
109,279,-63
101,291,-73
106,282,-68
103,285,-71
104,284,-64
95,297,-65
78,308,-56
76,310,-54
73,307,-51
72,312,-44
70,320,-50
61,317,-51
54,320,-48
56,332,-50
55,327,-47
54,334,-44
43,335,-51
42,334,-44
41,333,-43
39,335,-49
43,333,-51
41,339,-53
44,342,-54
39,345,-59
48,348,-64
45,347,-71
51,361,-75
43,357,-87
49,365,-81
35,367,-87
29,371,-83
16,390,-92
3,391,-113
4,398,-114
-5,403,-125
-16,408,-138
-25,405,-161
-33,411,-153
-48,416,-174
-73,415,-191
-100,412,-240
-112,404,-252
-134,394,-16
-153,389,-279
-137,377,-289
-160,354,-306
-163,345,-313
-182,322,-338
-185,299,-361
-175,287,-353
-182,276,-358
-177,271,-353
-190,262,-360
-186,254,-366
-181,231,-369
-190,204,-368
-187,195,-371
-178,174,-382
-173,151,-377
-180,146,-376
-181,133,-375
-173,121,-373
-183,113,-369
-175,109,-361
-182,70,-342
-171,63,-331
-175,53,-341
-174,54,-324
-177,41,-319
-175,47,-315
-163,29,-309
-172,28,-294
-170,22,-296
-168,20,-294
-166,16,-284
-173,19,-281
-168,14,-286
-168,16,-276
-166,20,-282
-173,15,-285
-176,20,-292
-174,36,-306
-177,29,-315
-176,46,-314
-184,52,-324
-184,86,-352
-189,97,-355
-184,104,-368
-182,136,-374
-183,151,-367
-181,167,-385
-178,178,-382
-180,238,-368
-169,259,-371
-165,269,-375
-160,282,-372
-159,287,-363
-144,304,-354
-135,317,-355
-128,350,-336
-120,364,-328
-111,371,-313
-116,372,-314
-113,377,-305
-107,387,-293
-112,388,-282
-109,395,-275
-107,389,-267
-105,397,-259
-96,410,-228
-97,411,-209
-100,416,-186
-103,411,-171
-100,408,-166
-95,417,-153
-109,405,-151
-106,422,-148
-104,412,-136
-112,408,-128
-114,410,-120
-121,403,-123
-119,397,-115
-115,405,-105
-112,398,-108
-111,395,-103
-120,394,-94
-125,391,-75
-126,386,-78
-131,375,-63
-139,375,-47
-146,366,-40
-141,357,-39
-137,349,-35
-138,352,-20
-139,327,-9
-146,326,-10
-149,319,-9
-140,306,8
-146,296,18
-146,276,24
-152,268,34
-146,262,20
-157,247,41
-154,206,46
-152,198,42
-142,182,44
-146,172,54
-150,170,42
-147,163,43
-151,127,47
-153,115,33
-145,93,21
-149,89,15
-150,70,12
-147,65,5
-145,55,-9
-147,45,-13
-142,50,-10
-148,32,-20
-142,30,-16
-125,5,-53
-131,-3,-55
-126,-10,-74
-117,-13,-87
-123,-21,-107
-128,-26,-112
-115,-29,-123
-112,-34,-138
-116,-32,-150
-117,-39,-161
-113,-33,-179
-114,-38,-184
-120,-26,-192
-118,-24,-196
-121,-27,-219
-120,-26,-216
-119,-19,-255
-124,-16,-246
-115,-11,-261
-122,-20,-254
-121,-13,-1
-113,-27,-249
-116,-28,-246
-118,-20,-232
-116,-24,-230
-118,-26,-224
-118,-36,-212
-114,-38,-194
-120,-36,-188
-121,-23,-159
-133,-33,-149
-122,-32,-116
-127,-17,-103
-128,-12,-78
-137,-9,-69
-135,3,-59
-129,17,-35
-133,29,-19
-143,39,-9
-135,57,3
-138,92,22
-134,88,28
-131,101,31
-127,115,33
-133,163,45
-134,178,54
-135,189,55
-138,202,58
-122,222,44
-120,230,42
-134,262,38
-132,270,30
-123,283,17
-122,294,22
-126,296,20
-127,299,15
-122,312,14
-127,335,-3
-122,344,-12
-128,350,-14
-121,357,-25
-118,370,-46
-120,374,-48
-114,380,-54
-127,383,-63
-128,388,-78
-126,394,-98
-114,398,-114
-123,407,-127
-119,415,-139
-117,411,-147
-126,414,-154
-124,416,-172
-123,415,-189
-129,407,-217
-130,394,-238
-124,408,-248
-132,390,-244
-127,391,-269
-131,385,-281
-126,380,-280
-141,383,-289
-140,382,-306
-145,361,-307
-152,358,-318
-153,339,-317
-147,345,-335
-157,331,-337
-166,318,-344
-161,301,-351
-164,298,-348
-168,290,-358
-167,287,-363
-177,267,-375
-171,253,-371
-172,256,-362
-167,239,-371
-187,229,-373
-160,218,-384
-162,208,-396
-159,203,-387
-150,192,-378
-156,176,-394
-148,158,-392
-143,143,-389
-140,142,-398
-152,132,-388
-146,118,-382
-137,111,-377
-143,101,-379
-142,86,-360
-149,79,-355
-147,69,-359
-148,76,-352
-144,62,-352
-153,65,-357
-150,66,-350
-142,62,-356
-149,53,-347
-144,62,-348
-147,65,-353
-144,62,-358
-146,72,-354
-148,72,-360
-148,74,-362
-150,72,-360
-142,78,-362
-143,91,-373
-152,96,-372
-140,88,-370
-149,97,-371
-148,96,-374
-145,99,-379
-148,108,-380
-146,116,-376
-149,115,-387
-144,110,-388
-154,142,-390
-153,151,-389
-152,162,-394
-153,165,-401
-150,166,-396
-153,183,-391
-157,181,-395
-155,191,-401
-158,214,-390
-143,231,-391
-158,242,-386
-165,255,-385
-153,261,-381
-151,275,-375
-148,284,-372
-128,326,-362
-129,321,-353
-128,334,-354
-134,336,-348
-130,344,-342
-122,346,-334
-131,351,-331
-134,364,-328
-119,363,-321
-118,368,-302
-119,373,-303
-116,372,-304
-113,377,-301
-112,380,-292
-109,387,-303
-110,388,-290
-121,385,-289
-109,393,-275
-104,390,-274
-112,388,-284
-117,391,-277
-113,397,-271
-109,395,-275
-116,396,-272
-105,387,-271
-109,391,-277
-112,388,-288
-118,386,-278
-110,396,-280
-108,384,-282
-113,381,-279
-118,380,-276
-114,388,-286
-115,387,-285
-113,383,-283
-100,386,-292
-109,387,-299
-106,384,-284
-98,390,-298
-105,387,-293
-95,383,-299
-116,378,-310
-114,374,-310
-106,368,-316
-115,367,-319
-120,370,-316
-108,364,-322
-119,361,-323
-128,356,-322
-118,360,-314
-131,357,-323
-134,356,-322
-131,351,-321
-129,369,-313
-121,371,-315
-124,370,-308
-123,363,-317
-121,377,-311
-110,374,-310
-116,366,-302
-110,386,-304
-99,385,-297
-100,384,-294
-98,390,-288
-89,389,-287
-82,392,-282
-63,397,-267
-73,403,-261
-62,398,-248
-59,409,-251
-54,396,-236
-39,413,-207
-29,409,-213
-31,407,-199
-22,400,-186
-15,411,-177
-5,405,-173
6,396,-162
13,397,-149
14,386,-136
23,387,-125
36,368,-92
42,360,-96
49,361,-89
57,335,-69
60,336,-62
72,320,-44
68,312,-52
67,305,-43
68,300,-42
59,291,-35
74,282,-28
76,274,-20
71,259,-21
86,258,-34
92,248,-36
97,255,-31
88,246,-38
90,252,-32
91,253,-35
87,243,-29
81,239,-25
84,240,-20
82,228,-16
83,217,-13
70,204,6
55,189,11
56,186,10
57,181,3
58,186,6
66,178,2
63,177,1
68,178,0
70,184,-12
73,167,-13
77,171,-7
79,159,-5
80,158,-6
75,151,-9
78,160,-10
83,149,-11
75,141,-17
84,140,-24
79,139,-21
76,130,-36
84,140,-22
85,135,-33
97,121,-43
94,124,-48
90,120,-32
95,131,-41
97,125,-49
105,115,-47
90,118,-56
97,113,-55
94,106,-54
98,110,-58
105,101,-59
101,103,-53
95,99,-55
98,100,-64
107,91,-69
106,90,-84
102,78,-96
107,83,-107
113,71,-137
102,70,-128
110,64,-134
94,62,-148
95,55,-145
88,56,-146
99,59,-151
93,41,-159
90,46,-154
95,39,-163
95,43,-165
90,46,-170
93,39,-177
88,44,-184
99,51,-193
90,50,-218
94,58,-230
87,59,-225
83,57,-241
87,59,-247
84,62,-264
85,67,-261
82,60,-268
80,64,-278
78,72,-276
76,68,-274
69,61,-283
76,72,-292
69,77,-301
61,67,-313
54,76,-328
52,72,-320
55,79,-337
48,78,-338
43,87,-345
37,85,-349
27,83,-345
20,86,-360
17,79,-363
2,76,-364
-8,78,-362
-31,71,-375
-57,81,-383
-63,85,-375
-71,87,-383
-80,84,-384
-94,94,-390
-117,99,-383
-125,91,-381
-132,110,-374
-138,106,-384
-163,107,-371
-166,106,-372
-176,112,-368
-177,131,-361
-179,127,-351
-193,133,-361
-192,128,-360
-205,127,-351
-208,132,-344
-214,148,-348
-220,142,-340
-222,146,-328
-227,141,-329
-248,146,-310
-240,138,-306
-249,151,-303
-255,149,-287
-254,144,-278
-265,137,-267
-262,156,-258
-271,149,-261
-267,151,-253
-273,151,-247
-271,149,-237
-278,156,-234
-275,155,-235
-280,156,-226
-275,165,-227
-280,156,-228
-270,160,-230
-279,149,-225
-272,162,-226
-273,165,-231
-279,163,-233
-270,156,-224
-265,159,-233
-276,152,-242
-271,155,-247
-268,158,-252
-257,147,-265
-255,139,-273
-255,131,-289
-246,132,-288
-245,131,-291
-242,130,-296
-233,127,-303
-211,103,-329
-197,89,-327
-198,98,-332
-185,95,-337
-174,92,-352
-166,88,-358
-150,84,-362
-147,93,-367
-143,95,-375
-123,93,-383
-104,90,-386
-99,97,-389
-73,117,-403
-52,114,-392
-24,110,-386
28,114,-372
30,108,-362
39,117,-359
42,114,-356
61,113,-339
68,122,-334
73,117,-321
84,108,-318
95,109,-295
117,115,-275
108,112,-268
121,117,-259
127,115,-239
122,126,-238
138,106,-228
140,120,-212
141,121,-177
137,123,-171
130,112,-162
133,123,-139
137,111,-131
130,114,-124
127,103,-119
125,111,-103
119,105,-91
99,103,-65
94,94,-46
83,97,-39
75,91,-41
63,97,-23
62,92,-12
37,101,-7
22,94,0
10,100,14
-7,83,17
-11,93,19
-20,86,24
-31,85,27
-43,81,25
-63,75,21
-89,63,17
-86,72,18
-113,63,19
-124,68,16
-131,67,23
-138,64,12
-146,66,-10
-168,58,-16
-177,69,-23
-183,67,-15
-178,58,-22
-188,72,-30
-186,66,-20
-194,64,-22
-192,58,-28
-191,63,-29
-189,65,-33
-205,65,-29
-196,66,-28
-195,65,-25
-191,63,-19
-182,60,-4
-173,69,9
-165,65,-13
-164,72,2
-155,77,3
-140,74,24
-141,79,21
-128,80,24
-111,85,31
-100,96,26
-90,98,38
-87,95,25
-79,105,35
-68,104,40
-53,107,39
-21,109,25
-5,105,29
5,113,15
23,105,11
35,107,1
40,104,-2
60,100,-18
79,89,-41
88,88,-62
96,94,-70
105,87,-81
110,80,-124
123,83,-141
118,80,-140
112,68,-160
118,74,-182
113,77,-199
108,76,-210
110,72,-214
107,71,-219
106,70,-240
100,62,-272
83,69,-287
66,72,-314
68,80,-312
65,77,-325
54,76,-332
49,81,-339
19,85,-355
21,89,-359
9,81,-365
0,84,-366
-15,89,-375
-27,87,-383
-48,92,-384
-57,97,-385
-98,94,-390
-104,100,-380
-105,109,-385
-115,103,-377
-124,102,-382
-128,100,-386
-127,105,-381
-142,96,-374
-158,92,-370
-172,104,-368
-178,96,-360
-176,102,-352
-204,104,-334
-214,108,-322
-226,114,-318
-232,122,-296
-259,123,-277
-266,120,-266
-260,122,-258
-262,132,-494
-273,131,-235
-277,135,-223
-276,130,-228
-278,136,-206
-279,139,-193
-284,140,-182
-286,142,-166
-278,154,-174
-279,137,-171
-288,144,-154
-278,140,-156
-283,143,-159
-275,133,-169
-282,130,-174
-284,136,-184
-273,131,-185
-272,128,-190
-284,124,-202
-275,123,-209
-267,119,-221
-262,110,-240
-252,98,-256
-247,109,-259
-223,83,-281
-224,78,-280
-202,58,-310
-177,53,-303
-167,43,-323
-130,28,-316
-112,18,-320
-96,12,-312
-81,11,-317
-67,13,-307
-64,4,-302
-28,-2,-296
10,4,-272
19,3,-261
34,-2,-268
38,0,-254
46,10,-250
48,8,-240
72,20,-232
70,28,-212
77,33,-201
86,46,-182
94,38,-180
83,39,-175
96,38,-154
93,41,-155
95,43,-137
99,51,-131
89,43,-111
88,48,-108
83,47,-105
88,66,-94
89,55,-87
76,52,-82
74,62,-68
81,57,-67
70,56,-66
83,63,-61
62,64,-54
67,61,-43
66,54,-42
58,64,-46
48,62,-40
52,64,-34
55,67,-35
38,70,-30
33,71,-23
13,69,-19
4,68,-8
-1,53,-1
-20,56,-4
-30,58,0
-51,51,7
-59,59,5
-62,66,12
-101,57,15
-109,67,23
-113,61,9
-119,63,11
-129,65,5
-143,49,1
-150,56,-2
-158,54,-14
-149,39,-15
-171,49,-25
-165,43,-27
-169,39,-39
-170,28,-38
-167,35,-51
-178,26,-56
-181,19,-65
-182,16,-74
-190,4,-108
-185,1,-115
-178,0,-134
-183,-3,-133
-185,5,-147
-170,-12,-174
-172,-8,-202
-170,0,-204
-168,-8,-218
-163,9,-255
-161,7,-9
-166,12,-270
-162,16,-282
-169,13,-297
-168,28,-298
-167,31,-311
-172,38,-310
-174,42,-314
-169,57,-329
-173,67,-339
-179,65,-341
-172,64,-338
-173,69,-333
-167,71,-343
-176,82,-340
-174,76,-338
-180,74,-344
-179,81,-345
-176,80,-342
-175,77,-343
-178,74,-338
-170,66,-334
-180,70,-338
-179,63,-329
-176,54,-330
-168,44,-318
-167,41,-323
-163,37,-315
-164,32,-306
-161,27,-301
-154,18,-296
-158,14,-272
-147,-1,-259
-165,-25,-231
-145,-13,-225
-143,-23,-205
-138,-28,-198
-141,-25,-181
-149,-35,-163
-140,-22,-148
-136,-32,-142
-143,-21,-127
-153,-17,-101
-151,-7,-59
-150,10,-42
-148,18,-26
-145,31,-21
-138,64,2
-135,67,15
-143,87,13
-139,99,25
-140,112,32
-150,118,40
-152,150,40
-157,153,37
-146,164,36
-150,188,42
-156,186,30
-157,193,39
-152,214,34
-159,223,31
-160,230,30
-158,238,28
-166,244,26
-173,249,25
-167,267,13
-169,273,11
-165,281,7
-162,306,254
-167,309,-13
-156,308,-4
-155,323,-11
-151,319,-9
-154,324,-14
-150,330,-12
-148,326,-22
-145,331,-13
-143,333,-15
-148,334,-16
-141,339,-15
-143,333,-23
-135,333,-11
-143,341,-15
-140,330,-10
-129,327,1
-140,326,0
-131,313,-1
-136,310,2
-137,303,1
-140,296,10
-131,295,15
-145,277,25
-141,215,47
-134,208,50
-141,197,55
-137,183,49
-142,176,48
-148,150,40
-136,140,42
-162,126,38
-146,124,36
-147,95,23
-154,84,22
-150,74,18
-143,63,3
-148,52,0
-149,51,-1
-150,46,0
-148,40,242
-151,43,-15
-148,32,-18
-153,19,-35
-147,17,-37
-143,11,-45
-141,15,-53
-145,1,-67
-142,-10,-78
-137,-13,-109
-127,-25,-127
-134,-22,-180
-124,-28,-208
-126,-16,-212
-132,-10,-236
-130,-18,-232
-134,-6,-260
-143,-1,-271
-149,15,-287
-156,12,-292
-146,16,-296
-153,29,-319
-149,37,-325
-155,33,-323
-144,48,-324
-147,41,-327
-156,44,-340
-156,74,-354
-158,78,-360
-149,77,-369
-147,91,-373
-144,102,-376
-142,120,-386
-141,121,-387
-133,127,-395
-136,142,-392
-129,147,-401
-119,163,-405
-124,176,-402
-126,178,-398
-116,194,-402
-125,197,-403
-118,198,-408
-124,210,-414
-122,212,-406
-121,223,-407
-118,224,-398
-121,231,-399
-124,230,-404
-127,235,-397
-127,241,-395
-135,233,-389
-127,237,-397
-128,228,-396
-127,229,-401
-128,226,-400
-121,225,-397
-126,224,-406
-122,216,-400
-130,200,-394
-126,196,-404
-125,187,-391
-135,179,-393
-138,164,-398
-125,159,-399
-141,157,-391
-136,146,-386
-142,132,-390
-142,102,-374
-135,99,-379
-138,86,-372
-137,65,-357
-129,51,-345
-128,32,-332
-125,15,-329
-122,18,-318
-121,5,-307
-118,4,-302
-116,-6,-278
-121,-19,-243
-124,-20,-240
-109,-33,-219
-112,-30,-194
-114,-38,-184
-110,-34,-148
-114,-30,-130
-105,-29,-115
-100,-16,-80
-111,-5,-65
-96,0,-44
-94,12,-38
-93,13,-37
-90,24,-20
-80,28,-16
-79,35,-21
-71,51,3
-62,82,20
-64,78,34
-62,90,28
-53,101,33
-60,108,40
-59,123,37
-61,119,49
-56,126,46
-42,140,46
-39,151,41
-44,156,52
-37,157,45
-26,158,42
-15,171,49
-8,166,46
-1,167,39
2,166,44
4,160,38
10,172,40
23,165,39
16,166,26
26,170,32
34,162,20
30,164,32
42,158,18
53,157,15
60,162,16
61,159,11
65,163,7
58,164,8
72,158,2
63,159,-1
60,166,2
65,163,7
68,164,-6
67,171,-3
74,166,4
67,181,3
60,176,2
61,173,7
67,177,11
58,178,16
48,184,0
56,182,4
60,190,8
55,189,9
58,188,8
61,205,11
60,210,2
62,200,14
59,209,-5
57,215,1
53,211,-1
63,223,5
55,223,5
58,224,6
61,239,9
64,232,2
55,225,15
50,226,0
53,229,11
55,225,5
61,233,1
59,235,-1
71,245,-9
58,252,0
51,253,5
50,240,14
49,243,11
51,241,13
41,247,13
34,232,18
17,245,27
20,240,36
-3,247,33
-10,248,42
-35,245,39
-40,254,48
-47,253,43
-66,246,44
-83,253,47
-86,252,46
-102,260,44
-107,253,47
-120,252,40
-125,259,35
-137,251,35
-143,253,33
-141,255,29
-144,254,34
-152,258,26
-154,246,32
-154,254,28
-157,245,41
-171,253,27
-164,246,20
-159,257,29
-150,248,20
-155,243,29
-156,238,40
-150,234,32
-127,235,35
-123,231,45
-132,220,50
-107,231,49
-108,226,50
-77,227,53
-50,238,44
-45,235,49
-27,243,53
-24,250,42
-25,245,43
-1,251,37
0,248,32
11,247,29
27,267,15
48,258,4
58,262,-4
55,269,1
70,270,-14
79,267,-21
88,264,-34
95,275,-65
109,269,-63
110,268,-78
109,263,-87
121,269,-91
120,266,-98
114,262,-106
130,260,-110
139,251,-131
132,248,-130
140,244,-156
142,252,-166
145,255,-185
136,248,-192
135,253,-203
134,258,-206
138,250,-226
134,258,-240
129,259,-253
121,267,-273
122,254,-278
113,253,-297
101,247,-293
96,240,-320
85,245,-331
81,239,-335
77,241,-341
72,236,-352
46,240,-368
39,237,-367
28,236,-368
21,235,-377
4,234,-388
-8,230,-394
-16,228,-400
-15,237,-403
-42,230,-414
-46,230,-412
-55,235,-409
-63,233,-413
-65,235,-409
-73,227,-407
-74,228,-408
-67,225,-409
-71,241,-403
-64,236,-410
-63,237,-409
-51,225,-401
-50,234,-402
-34,234,-408
-21,233,-397
-27,235,-413
-16,234,-402
-13,241,-401
4,240,-392
19,241,-387
16,238,-386
24,244,-388
21,243,-385
46,238,-366
63,245,-361
72,244,-354
66,254,-342
77,249,-333
79,245,-327
100,258,-318
97,255,-303
123,251,-279
130,256,-256
133,255,-249
137,251,-217
142,252,-222
140,258,-212
133,257,-201
144,250,-196
141,237,-165
140,248,-168
150,246,-158
149,245,-155
142,236,-150
140,240,-142
143,243,-133
135,239,-125
129,233,-115
123,239,-113
132,232,-108
125,227,-87
130,242,-80
119,235,-67
120,236,-62
99,231,-47
108,232,-48
107,227,-41
94,224,-20
82,212,-8
74,210,0
68,204,2
70,202,12
64,204,16
57,193,13
49,201,13
43,197,23
37,193,27
22,184,34
25,175,33
14,180,34
9,171,39
6,164,42
-1,163,35
-2,156,42
-7,151,37
-26,132,46
-13,137,39
-14,144,46
-29,139,39
-26,142,42
-36,132,44
-30,134,48
-42,124,46
-34,122,48
-33,119,43
-30,118,52
-37,119,49
-27,117,37
-31,111,41
-29,109,45
-19,105,29
-17,107,27
-27,103,35
-20,104,24
-14,100,22
5,101,23
-7,95,21
4,102,10
5,99,17
-1,97,19
6,98,6
14,96,14
23,97,13
8,92,16
18,106,12
19,95,7
9,85,15
17,89,9
19,89,-7
20,82,-6
23,83,-1
25,79,-13
40,70,-22
45,65,-31
50,68,-42
63,63,-45
62,58,-44
56,54,-48
73,61,-55
70,46,-52
72,60,-54
74,62,-68
81,59,-85
84,64,-74
78,48,-84
86,60,-88
84,56,-94
91,49,-95
84,48,-114
91,45,-127
86,38,-128
89,43,-141
81,37,-139
93,35,-143
90,40,-154
91,41,-159
91,47,-165
90,40,-194
99,57,-199
92,56,-198
99,55,-207
106,58,-218
94,64,-226
102,68,-222
101,59,-231
105,65,-225
104,68,-238
101,71,-245
108,76,-254
105,75,-249
106,72,-254
101,75,-273
99,73,-277
95,71,-279
93,79,-269
101,85,-267
92,80,-266
98,84,-278
92,86,-286
113,103,-275
104,124,-284
111,121,-283
108,116,-292
105,135,-293
96,136,-288
116,144,-302
115,145,-295
115,161,-299
111,153,-309
102,164,-316
109,175,-305
108,184,-310
103,179,-315
93,189,-311
103,197,-315
107,199,-309
98,206,-314
96,208,-316
95,211,-323
97,221,-315
100,214,-320
95,221,-325
100,224,-314
90,220,-322
101,227,-319
103,229,-315
97,231,-319
97,235,-315
100,242,-310
89,241,-315
95,233,-325
100,238,-312
94,240,-322
97,245,-319
94,242,-318
100,236,-314
93,239,-333
94,234,-326
89,235,-323
93,229,-325
86,230,-332
87,221,-337
88,204,-330
85,219,-337
83,207,-339
82,186,-342
80,188,-340
74,162,-338
75,141,-349
77,159,-337
80,144,-338
71,139,-335
73,133,-343
72,130,-338
71,121,-339
75,111,-333
72,102,-320
75,93,-307
88,98,-300
80,84,-298
82,76,-292
83,71,-287
90,60,-266
86,52,-246
91,57,-233
89,43,-231
97,39,-225
96,44,-218
97,39,-191
93,43,-187
86,26,-144
87,33,-135
83,31,-137
74,32,-132
77,37,-127
78,38,-124
83,35,-117
77,43,-111
78,44,-100
73,55,-81
86,58,-74
80,68,-68
78,70,-66
81,71,-57
84,76,-66
82,82,-64
91,87,-59
86,104,-50
97,107,-53
102,122,-42
111,133,-45
110,142,-38
99,177,-39
102,178,-28
102,190,-44
101,189,-37
103,193,-41
100,210,-44
97,213,-39
94,228,-34
105,241,-39
101,235,-43
104,242,-38
92,240,-44
97,243,-43
90,256,-42
93,257,-39
89,255,-47
95,261,-41
94,270,-50
96,278,-58
99,287,-73
100,282,-72
92,298,-76
111,291,-83
99,293,-95
97,307,-105
103,325,-123
100,316,-120
99,317,-127
96,322,-132
93,321,-123
95,323,-135
92,326,-140
96,332,-154
101,329,-159
91,335,-167
94,332,-168
105,333,-171
96,332,-182
98,330,-178
99,329,-179
102,330,-188
101,327,-191
104,308,-196
100,324,-186
107,317,-197
103,319,-183
108,312,-190
111,307,-199
107,313,-187
106,316,-194
114,312,-186
119,301,-187
102,308,-182
107,309,-183
122,304,-178
103,321,-177
112,320,-172
114,316,-162
97,309,-161
110,312,-160
113,307,-151
93,317,-147
107,313,-139
101,309,-145
108,316,-138
103,313,-137
112,292,-122
114,298,-120
111,293,-121
114,296,-114
126,286,-118
109,273,-121
119,277,-111
120,272,-110
122,262,-96
115,259,-93
125,249,-85
120,244,-86
122,234,-84
121,229,-81
125,223,-75
127,227,-73
112,214,-74
118,200,-66
121,185,-75
118,184,-60
122,178,-62
114,176,-60
119,165,-57
118,156,-70
125,157,-65
118,138,-56
117,137,-61
112,124,-74
117,119,-73
114,130,-66
116,114,-64
111,123,-65
117,113,-71
111,99,-75
110,102,-76
103,103,-73
107,95,-69
102,100,-72
106,94,-70
105,95,-77
104,92,-80
101,83,-75
100,74,-88
106,86,-84
96,80,-94
105,77,-93
100,72,-86
95,67,-101
98,70,-100
88,60,-110
90,48,-120
93,55,-133
98,46,-132
95,55,-131
94,44,-140
93,49,-149
94,48,-148
94,40,-158
95,39,-187
93,47,-195
95,45,-197
93,53,-205
105,55,-215
90,58,-244
101,61,-253
95,57,-257
94,64,-258
90,78,-260
106,84,-266
98,86,-276
106,96,-274
97,87,-279
105,95,-283
116,96,-274
107,105,-281
105,111,-279
107,125,-283
103,119,-293
108,128,-280
102,126,-290
99,131,-289
112,128,-294
119,137,-301
110,140,-302
103,149,-311
92,142,-314
103,147,-305
110,150,-304
104,148,-306
105,155,-305
97,163,-315
104,160,-314
90,156,-320
99,167,-321
100,168,-318
107,167,-317
101,175,-325
98,176,-318
101,185,-317
99,187,-321
98,192,-324
93,197,-329
92,210,-322
95,197,-325
84,204,-332
106,212,-322
100,204,-318
105,211,-319
109,215,-309
99,219,-311
108,224,-306
108,226,-302
105,221,-303
108,224,-310
107,219,-303
113,221,-305
103,227,-299
107,221,-309
116,226,-296
105,227,-299
111,219,-303
105,227,-309
110,234,-298
114,230,-294
109,221,-307
110,230,-298
111,225,-297
107,221,-301
110,214,-306
105,211,-309
107,213,-303
97,207,-315
114,208,-304
111,203,-305
118,202,-312
109,197,-309
107,199,-307
104,192,-304
107,197,-309
116,196,-302
113,185,-301
122,190,-306
114,192,-302
116,174,-298
107,177,-299
98,178,-306
111,183,-307
107,157,-293
114,158,-298
119,157,-297
116,150,-296
103,149,-289
116,148,-296
117,135,-285
122,106,-262
119,113,-259
114,102,-250
121,99,-255
110,96,-240
120,88,-238
104,84,-244
114,86,-238
119,81,-233
112,70,-214
115,67,-209
102,66,-212
106,56,-210
105,59,-207
110,54,-202
102,54,-196
101,53,-193
104,62,-180
106,54,-170
95,47,-157
97,53,-149
94,56,-138
95,59,-141
94,48,-136
97,53,-119
95,57,-93
89,49,-93
90,68,-94
92,74,-90
93,69,-73
92,80,-70
93,85,-73
97,91,-67
93,107,-65
91,117,-57
88,126,-34
95,131,-37
96,138,-42
94,158,-36
97,183,-43
108,190,-32
97,189,-37
96,208,-40
102,212,-42
109,219,-43
100,228,-50
104,238,-48
104,268,-62
103,273,-69
102,272,-72
107,273,-75
105,275,-71
104,282,-72
100,292,-94
108,308,-98
93,319,-101
93,313,-111
97,311,-113
96,316,-126
94,322,-132
109,317,-137
94,324,-140
93,323,-161
97,327,-163
89,333,-173
93,337,-169
96,332,-174
102,328,-182
101,325,-193
100,332,-192
98,334,-200
102,314,-210
99,321,-209
115,315,-217
97,313,-227
114,308,-226
106,314,-222
109,311,-231
101,301,-233
103,303,-231
99,319,-233
106,308,-238
109,305,-245
98,306,-236
98,312,-234
87,317,-233
99,311,-227
104,314,-224
95,307,-221
102,314,-220
95,319,-211
100,322,-208
101,331,-197
105,325,-203
107,329,-197
102,330,-192
104,324,-184
96,326,-174
101,333,-177
98,322,-164
110,316,-170
105,317,-163
109,331,-151
108,312,-148
99,315,-147
110,310,-134
106,302,-122
114,294,-110
115,271,-99
107,273,-87
112,268,-92
114,252,-82
106,246,-72
117,251,-69
111,243,-67
115,237,-75
126,236,-70
122,226,-68
113,215,-65
124,196,-70
131,193,-81
123,205,-73
140,194,-80
131,175,-89
133,181,-95
129,171,-93
135,163,-91
128,170,-94
135,159,-99
132,162,-100
136,152,-96
129,151,-97
133,155,-101
124,134,-98
129,135,-99
126,136,-102
127,135,-101
133,127,-97
129,125,-99
121,127,-99
133,121,-101
125,115,-105
127,121,-109
119,105,-111
120,106,-102
129,113,-107
121,111,-109
119,105,-105
121,103,-113
124,102,-102
125,101,-101
118,102,-100
116,108,-98
118,110,-102
116,104,-108
119,103,-93
124,102,-94
117,95,-105
114,102,-106
117,101,-107
118,92,-100
120,90,-114
108,86,-104
110,76,-108
112,80,-106
110,76,-102
110,72,-112
103,73,-117
98,64,-118
101,69,-133
106,70,-134
112,66,-142
113,67,-143
112,74,-136
112,76,-138
113,77,-147
105,71,-155
102,66,-146
117,71,-143
110,76,-150
111,73,-147
114,74,-144
110,70,-150
103,71,-145
112,66,-152
107,69,-153
110,64,-156
111,65,-149
106,60,-144
103,69,-145
118,74,-152
105,65,-145
102,60,-148
108,64,-154
105,65,-149
102,72,-140
101,67,-131
105,63,-133
102,54,-128
98,68,-118
103,61,-129
99,65,-113
100,68,-118
101,55,-115
99,55,-121
101,59,-115
98,56,-116
94,58,-108
106,60,-114
95,63,-109
90,60,-106
93,65,-107
96,66,-104
95,63,-103
97,55,-109
90,54,-110
90,62,-108
93,63,-101
87,59,-113
95,57,-97
86,50,-106
90,56,-112
105,47,-113
90,52,-104
82,54,-112
82,50,-112
89,49,-107
95,63,-109
89,51,-101
94,54,-114
93,59,-103
90,54,-116
84,50,-104
98,58,-108
84,50,-110
95,59,-111
86,56,-110
93,53,-113
106,62,-126
84,50,-128
91,59,-123
89,53,-119
97,47,-127
102,42,-116
94,44,-124
89,55,-123
95,53,-121
92,48,-132
103,53,-125
83,47,-127
91,47,-127
90,48,-126
92,56,-122
93,47,-123
85,47,-125
96,42,-128
91,57,-123
89,45,-119
104,56,-120
96,50,-124
93,55,-125
91,51,-119
89,55,-121
86,52,-124
87,49,-123
91,47,-125
85,45,-131
101,49,-123
96,48,-124
89,49,-129
90,50,-120
92,46,-122
87,49,-129
79,51,-117
85,39,-119
96,48,-124
91,45,-121
92,56,-128
86,54,-120
79,49,-129
90,40,-128
97,47,-127
100,46,-122
97,45,-121
89,49,-125
84,48,-122
83,41,-129
90,50,-134
92,52,-120
89,49,-113
87,45,-123
86,42,-124
98,52,-124
91,51,-127
92,52,-124
90,46,-120
88,40,-128
84,50,-128
93,53,-123
94,48,-124
87,43,-117
89,41,-121
95,45,-125
92,52,-116
82,50,-122
99,53,-125
92,50,-116
93,49,-125
98,46,-128
93,45,-125
86,44,-126
94,54,-122
97,43,-129
82,50,-118
94,54,-126
88,48,-116
89,45,-121
88,48,-122
91,55,-131
95,41,-119
94,52,-128
88,42,-120
100,46,-122
89,49,-117
92,46,-132
82,54,-124
87,45,-121
82,48,-124
93,51,-127
88,44,-114
94,48,-122
86,50,-120
95,47,-125
98,42,-120
94,50,-122
97,45,-119
97,47,-123
94,54,-120
87,49,-121
80,44,-130
91,51,-125
84,48,-122
97,49,-129
91,57,-121
95,49,-125
86,54,-126
94,46,-118
85,53,-121
93,49,-125
96,46,-132
93,47,-121
98,44,-118
89,43,-121
96,44,-130
93,53,-119
88,52,-118
86,48,-128
92,52,-130
93,43,-127
90,44,-116
95,49,-125
89,47,-121
102,48,-124
93,55,-123
88,50,-126
89,47,-125
87,53,-117
92,42,-118
93,53,-117
91,49,-127
86,46,-120
88,44,-124
85,39,-123
82,54,-124
92,54,-122
92,48,-120
88,46,-128
94,46,-120
90,48,-124
85,47,-127
89,45,-119
90,44,-120
93,43,-127
89,53,-121
91,47,-119
90,48,-120
95,57,-129
93,47,-123
88,52,-128
90,44,-124
93,43,-113
82,46,-130
90,48,-122
83,49,-127
93,51,-121
91,53,-123
84,50,-116
86,48,-126
89,49,-115
87,45,-123
90,42,-122
93,47,-127
86,50,-132
93,37,-127
96,40,-120
89,47,-123
91,51,-129
97,55,-127
84,44,-118
86,48,-128
89,49,-125
97,51,-129
86,46,-130
95,45,-121
88,44,-122
89,47,-131
87,57,-123
99,49,-129
85,51,-125
87,43,-119
90,42,-126
84,48,-132
87,39,-121
93,49,-127
93,51,-113
98,48,-130
91,51,-121
92,52,-126
94,48,-124
82,42,-130
83,43,-129
91,53,-121
93,45,-129
88,50,-126
86,46,-132
88,52,-124
85,43,-121
88,48,-132
83,41,-119
90,48,-122
93,45,-131
88,48,-120
93,57,-123
94,46,-128
92,42,-126
94,44,-124
90,48,-126
89,43,-127
87,45,-121
86,40,-126
93,43,-127
88,54,-126
86,42,-124
98,60,-130
92,50,-122
95,53,-123
93,51,-125
98,50,-128
89,49,-127
87,45,-131
94,50,-124
91,49,-127
88,44,-128
90,50,-122
86,44,-124
93,45,-123
83,57,-127
86,46,-128
88,50,-118
87,49,-123
95,53,-117
96,50,-120
90,62,-124
94,48,-128
92,50,-122
89,49,-125
97,55,-115
88,48,-128
82,44,-120
87,51,-123
90,48,-126
93,43,-125
84,44,-122
88,36,-128
90,46,-124
89,41,-117
96,44,-124
86,46,-132
94,54,-124
92,50,-126
95,47,-133
96,50,-122
87,51,-123
93,53,-125
92,44,-120
94,48,-122
89,57,-123
95,55,-129
87,53,-121
89,39,-127
91,43,-129
93,47,-121
92,48,-118
88,42,-122
89,43,-127
94,48,-128
91,51,-123
90,48,-134
91,45,-129
93,53,-125
90,42,-124
94,46,-128
92,50,-120
88,56,-116
92,44,-124
99,43,-121
89,49,-125
93,47,-127
89,51,-129
86,48,-126
95,55,-129
94,48,-124
93,49,-127
88,52,-124
91,47,-133
90,54,-128
84,50,-120
85,49,-121
90,50,-132
88,48,-126
95,51,-125
88,44,-116
91,45,-119
88,44,-128
87,45,-127
88,46,-122
93,45,-127
87,51,-131
95,45,-127
91,51,-117
89,49,-125
96,50,-130
88,44,-122
101,55,-127
94,48,-124
77,47,-121
89,45,-119
88,44,-126
95,47,-129
92,50,-128
95,49,-133
87,43,-125
90,42,-128
95,51,-125
91,49,-127
95,51,-119
88,52,-122
93,49,-125
94,52,-126
89,53,-113
84,56,-128
89,43,-133
92,48,-116
95,53,-117
87,57,-127
88,46,-124
91,55,-125
93,49,-127
90,52,-128
89,45,-125
94,46,-128
93,49,-119
94,56,-130
81,51,-119
96,50,-124
91,43,-121
92,44,-122
94,36,-126
101,43,-125
92,46,-126
93,47,-125
94,46,-126
97,45,-125
89,49,-119
90,44,-126
91,51,-127
88,50,-122
89,45,-123
97,47,-125
90,52,-118
88,46,-122
86,44,-128
84,50,-120
97,43,-125
90,50,-132
94,44,-124
93,47,-129
86,48,-128
89,49,-127
87,45,-125
88,48,-122
94,46,-128
88,44,-126
89,47,-121
83,43,-117
85,51,-127
90,48,-134
90,46,-122
86,46,-134
83,41,-115
90,50,-120
103,55,-119
96,46,-122
90,54,-120
97,55,-125
86,40,-124
96,42,-126
86,54,-116
95,45,-123
101,43,-121
92,48,-126
94,42,-128
96,44,-124
89,53,-125
87,45,-115
91,47,-129
86,40,-124
88,42,-126
87,43,-125
94,54,-118
96,44,-120
95,51,-125
93,45,-127
88,58,-124
94,50,-128
87,43,-127
84,44,-120
94,52,-118
98,50,-120
94,46,-116
87,49,-125
99,57,-125
93,47,-117
89,53,-125
93,49,-125
96,40,-118
90,54,-122
89,49,-119
90,48,-122
95,51,-133
90,60,-124
92,42,-128
96,54,-122
81,45,-131
90,46,-126
83,53,-125
92,42,-120
93,51,-127
88,44,-124
95,47,-129
84,50,-122
101,55,-121
82,44,-120
87,47,-123
93,49,-119
95,51,-115
91,45,-127
92,52,-124
89,47,-127
83,47,-129
91,45,-125
84,48,-114
83,37,-119
89,49,-121
83,41,-131
89,47,-121
95,57,-121
92,50,-134
84,48,-124
93,45,-125
99,49,-123
92,50,-118
89,47,-123
88,52,-124
96,48,-126
94,50,-116
86,52,-120
90,46,-118
93,39,-121
85,49,-125
